0 0.559333 0.165306 0.116000 0.302041
0 0.324000 0.258163 0.096000 0.291837
0 0.213333 0.225510 0.096000 0.255102
0 0.402000 0.498980 0.094667 0.267347
0 0.498667 0.698980 0.098667 0.312245
0 0.658667 0.615306 0.109333 0.320408
0 0.770000 0.583673 0.126667 0.297959
0 0.735333 0.279592 0.102667 0.326531
0 0.957333 0.148980 0.072000 0.273469
0 0.080000 0.536735 0.144000 0.285714
0 0.044000 0.159184 0.085333 0.314286
0 0.146000 0.772449 0.097333 0.304082
0 0.891333 0.891837 0.134667 0.204082
0 0.885333 0.480612 0.098667 0.279592
