0 0.406410 0.660714 0.120513 0.328571
0 0.329487 0.439286 0.084615 0.242857
0 0.203846 0.226786 0.074359 0.182143
0 0.166667 0.089286 0.056410 0.128571
0 0.521795 0.075000 0.048718 0.128571
2 0.216667 0.812500 0.300000 0.239286
2 0.192308 0.533929 0.256410 0.296429
2 0.144872 0.382143 0.161538 0.257143
2 0.092308 0.273214 0.164103 0.210714
2 0.717949 0.823214 0.379487 0.217857
2 0.594872 0.619643 0.307692 0.325000
2 0.460256 0.403571 0.207692 0.221429
2 0.342308 0.260714 0.176923 0.200000
2 0.785897 0.366071 0.228205 0.225000
2 0.571795 0.216071 0.194872 0.167857
2 0.902564 0.605357 0.194872 0.260714
2 0.291026 0.117857 0.156410 0.107143
2 0.911538 0.282143 0.161538 0.150000
2 0.792308 0.192857 0.143590 0.142857
0 0.703846 0.203571 0.053846 0.164286
2 0.596154 0.071429 0.120513 0.114286
2 0.441026 0.075000 0.123077 0.142857
