2 0.571818 0.192098 0.229091 0.130790
2 0.785000 0.123978 0.219091 0.098093
2 0.932273 0.195504 0.135455 0.113079
2 0.895455 0.631471 0.209091 0.344687
0 0.278182 0.323569 0.130909 0.156676
0 0.520000 0.310627 0.123636 0.177112
0 0.626818 0.369891 0.130000 0.156676
0 0.796364 0.358311 0.109091 0.179837
0 0.310455 0.459809 0.142727 0.194823
0 0.407273 0.485695 0.140000 0.219346
0 0.442273 0.705722 0.142727 0.286104
0 0.523636 0.743869 0.163636 0.258856
0 0.630000 0.783379 0.169091 0.297003
0 0.835455 0.770436 0.180000 0.284741
0 0.629091 0.595368 0.136364 0.198910
0 0.822273 0.409401 0.130000 0.173025
0 0.703182 0.431880 0.128182 0.158038
0 0.800909 0.377384 0.145455 0.188011
0 0.905455 0.434605 0.118182 0.185286
0 0.424545 0.544278 0.136364 0.241144
