0 0.411111 0.701592 0.130556 0.570292
0 0.620833 0.704244 0.111111 0.591512
0 0.529167 0.681698 0.094444 0.461538
2 0.199306 0.679045 0.212500 0.366048
2 0.831250 0.623342 0.254167 0.450928
0 0.523611 0.291777 0.041667 0.100796
0 0.382639 0.372679 0.023611 0.108753
0 0.085417 0.405836 0.054167 0.132626
0 0.062500 0.303714 0.030556 0.108753
0 0.470833 0.580902 0.050000 0.217507
0 0.475694 0.266578 0.020833 0.082228
0 0.442361 0.316976 0.026389 0.103448
2 0.169444 0.456233 0.100000 0.143236
2 0.308333 0.214854 0.047222 0.084881
2 0.390278 0.278515 0.058333 0.106101
1 0.468750 0.139257 0.051389 0.119363
2 0.216667 0.184350 0.052778 0.098143
2 0.271528 0.312997 0.065278 0.095491
2 0.055556 0.580902 0.097222 0.233422
