0 0.480833 0.769048 0.076667 0.284127
0 0.644583 0.836508 0.084167 0.279365
0 0.748750 0.704762 0.079167 0.253968
0 0.937917 0.634921 0.089167 0.269841
0 0.162083 0.624603 0.064167 0.255556
0 0.213750 0.690476 0.055833 0.273016
0 0.392917 0.607143 0.055833 0.220635
0 0.496667 0.573810 0.066667 0.226984
0 0.297083 0.479365 0.050833 0.231746
0 0.128333 0.442063 0.063333 0.201587
0 0.243333 0.400794 0.051667 0.182540
0 0.365417 0.431746 0.055833 0.196825
0 0.577083 0.436508 0.042500 0.177778
0 0.502083 0.356349 0.047500 0.173016
0 0.861250 0.399206 0.050833 0.211111
0 0.661667 0.472222 0.045000 0.211111
0 0.631667 0.438889 0.045000 0.207937
0 0.691667 0.398413 0.048333 0.187302
0 0.717500 0.163492 0.036667 0.114286
0 0.432083 0.215873 0.047500 0.155556
0 0.574583 0.226190 0.042500 0.150794
2 0.099167 0.372222 0.113333 0.182540
2 0.182917 0.292063 0.079167 0.158730
2 0.317500 0.280952 0.088333 0.171429
2 0.290833 0.169048 0.103333 0.182540
2 0.369583 0.215873 0.080833 0.139683
2 0.781250 0.477778 0.117500 0.231746
2 0.781667 0.311905 0.091667 0.176190
2 0.860000 0.111905 0.070000 0.125397
2 0.617500 0.296825 0.098333 0.146032
2 0.472917 0.282540 0.087500 0.158730
2 0.518333 0.217460 0.078333 0.158730
2 0.644583 0.219841 0.074167 0.131746
2 0.773750 0.232540 0.097500 0.138095
2 0.487083 0.085714 0.080833 0.098413
