0 0.398889 0.796667 0.075556 0.260000
0 0.315556 0.740833 0.084444 0.238333
0 0.248333 0.713333 0.110000 0.223333
0 0.100000 0.657500 0.097778 0.215000
0 0.567778 0.682500 0.091111 0.221667
0 0.685556 0.673333 0.068889 0.223333
0 0.786667 0.664167 0.082222 0.228333
0 0.875000 0.746667 0.076667 0.263333
0 0.931667 0.575833 0.065556 0.195000
0 0.508889 0.515833 0.055556 0.188333
0 0.420000 0.640000 0.068889 0.180000
0 0.370000 0.328333 0.053333 0.126667
0 0.421111 0.324167 0.037778 0.118333
0 0.521111 0.311667 0.046667 0.116667
0 0.665000 0.366667 0.045556 0.150000
0 0.798333 0.390000 0.038889 0.153333
0 0.856667 0.397500 0.048889 0.161667
0 0.376111 0.475000 0.078889 0.163333
0 0.225000 0.610833 0.101111 0.191667
0 0.629444 0.618333 0.067778 0.186667
0 0.753889 0.379167 0.050000 0.135000
0 0.961111 0.409167 0.077778 0.165000
2 0.251667 0.320000 0.158889 0.123333
2 0.163889 0.297500 0.152222 0.128333
2 0.503333 0.272500 0.122222 0.141667
1 0.676111 0.132500 0.110000 0.148333
2 0.941111 0.224167 0.075556 0.108333
2 0.826667 0.237500 0.082222 0.101667
2 0.190556 0.221667 0.123333 0.070000
2 0.563889 0.204167 0.112222 0.071667
2 0.897778 0.136667 0.084444 0.106667
2 0.693333 0.217500 0.082222 0.115000
0 0.603889 0.350000 0.067778 0.146667
2 0.835000 0.173333 0.085556 0.093333
