0 0.537083 0.848726 0.074167 0.270701
0 0.734167 0.866242 0.070000 0.267516
0 0.767917 0.752389 0.065833 0.262739
0 0.305833 0.511146 0.051667 0.175159
0 0.634167 0.466561 0.040000 0.171975
0 0.660000 0.413217 0.040000 0.160828
0 0.663333 0.359076 0.036667 0.144904
0 0.641667 0.298567 0.033333 0.128981
0 0.372083 0.270701 0.037500 0.124204
0 0.932917 0.058917 0.027500 0.076433
0 0.600417 0.132166 0.029167 0.092357
2 0.378750 0.631369 0.137500 0.227707
2 0.501250 0.469745 0.120833 0.165605
2 0.672083 0.620223 0.144167 0.230892
2 0.857500 0.603503 0.171667 0.273885
2 0.103333 0.862261 0.198333 0.275478
2 0.180833 0.590764 0.128333 0.216561
2 0.439167 0.349522 0.076667 0.154459
2 0.118750 0.382962 0.117500 0.173567
2 0.199583 0.279459 0.087500 0.135350
2 0.295000 0.295382 0.090000 0.154459
2 0.791250 0.442675 0.132500 0.184713
2 0.741250 0.341561 0.095833 0.141720
2 0.586250 0.332006 0.079167 0.132166
2 0.432083 0.273089 0.067500 0.125796
2 0.459583 0.192675 0.062500 0.114650
2 0.562083 0.253981 0.072500 0.125796
3 0.693750 0.180732 0.074167 0.173567
3 0.562500 0.167994 0.073333 0.154459
3 0.339583 0.185510 0.075833 0.148089
2 0.261667 0.214968 0.070000 0.098726
1 0.400833 0.058917 0.048333 0.095541
