0 0.426000 0.403915 0.052000 0.110320
1 0.543500 0.248221 0.161000 0.243772
2 0.237500 0.379893 0.083000 0.108541
2 0.318500 0.509786 0.113000 0.186833
2 0.441500 0.591637 0.103000 0.176157
2 0.308500 0.774021 0.153000 0.234875
2 0.283500 0.910142 0.169000 0.179715
2 0.530000 0.482206 0.122000 0.156584
2 0.627000 0.363879 0.084000 0.115658
2 0.685000 0.301601 0.068000 0.108541
2 0.398500 0.231317 0.063000 0.074733
2 0.453000 0.241993 0.056000 0.088968
2 0.744500 0.253559 0.067000 0.090747
2 0.805000 0.203737 0.062000 0.101423
2 0.760500 0.166370 0.055000 0.072954
2 0.753500 0.101423 0.057000 0.071174
3 0.087000 0.730427 0.172000 0.535587
2 0.194500 0.628114 0.075000 0.167260
