2 0.369996 0.851515 0.142246 0.185185
2 0.119316 0.897980 0.147688 0.204040
2 0.078119 0.799663 0.102604 0.154209
2 0.130393 0.692256 0.127866 0.216835
2 0.055577 0.555219 0.099495 0.143434
2 0.198795 0.606061 0.104547 0.188552
2 0.266032 0.559933 0.112320 0.182492
2 0.164400 0.489562 0.080062 0.176431
2 0.767586 0.470707 0.093276 0.118519
2 0.863583 0.421212 0.093276 0.142088
2 0.971434 0.403367 0.057132 0.130640
2 0.911387 0.372727 0.071512 0.104377
2 0.588418 0.440067 0.126700 0.164983
2 0.501749 0.484848 0.079285 0.134680
2 0.421881 0.379461 0.082005 0.090909
2 0.393315 0.485522 0.132141 0.175084
2 0.435095 0.631650 0.127866 0.158923
3 0.118927 0.312121 0.181889 0.333333
3 0.310727 0.327946 0.151963 0.336700
3 0.506801 0.272391 0.134473 0.290236
3 0.721726 0.271044 0.148465 0.305051
