2 0.150236 0.940989 0.138208 0.109541
2 0.182311 0.864664 0.097642 0.108127
2 0.243396 0.781272 0.100943 0.123675
2 0.272642 0.714488 0.085849 0.113074
2 0.311792 0.653357 0.094340 0.091166
2 0.322170 0.597527 0.083962 0.086926
2 0.346698 0.546996 0.080189 0.098940
2 0.356132 0.509541 0.080189 0.080565
2 0.376415 0.475618 0.056604 0.069258
2 0.363443 0.416254 0.059906 0.062191
2 0.329481 0.357951 0.029717 0.050177
2 0.775000 0.897173 0.130189 0.134982
2 0.550943 0.547350 0.045283 0.089753
2 0.445283 0.407774 0.036792 0.055124
2 0.907075 0.421555 0.056604 0.064311
2 0.759198 0.348057 0.058962 0.054417
2 0.889623 0.372438 0.049057 0.053710
2 0.649528 0.273145 0.036792 0.034629
2 0.980189 0.380919 0.035849 0.076325
2 0.429245 0.385866 0.028302 0.045230
2 0.886321 0.729682 0.103774 0.105300
2 0.971226 0.569611 0.057547 0.086219
3 0.639858 0.559011 0.144811 0.342049
3 0.706840 0.702473 0.163679 0.310954
3 0.545991 0.434982 0.087264 0.181625
3 0.492453 0.421555 0.043396 0.149117
3 0.285377 0.246996 0.042453 0.091166
3 0.407547 0.326855 0.084906 0.134982
3 0.622877 0.209187 0.045755 0.072085
3 0.659670 0.209541 0.043868 0.095406
3 0.564151 0.181979 0.046226 0.091166
3 0.353302 0.261484 0.048113 0.070671
