3 0.496094 0.725703 0.191406 0.186768
3 0.096484 0.774883 0.192188 0.257026
3 0.653125 0.724824 0.129688 0.190867
3 0.779687 0.705504 0.143750 0.176815
3 0.660547 0.529859 0.096875 0.059719
3 0.502539 0.497951 0.044141 0.064988
3 0.276172 0.448770 0.061719 0.063817
3 0.114062 0.401054 0.029687 0.062061
3 0.291992 0.315281 0.062891 0.038056
3 0.528711 0.395492 0.062891 0.066159
3 0.700391 0.411300 0.071094 0.054450
3 0.596289 0.509368 0.073828 0.072600
2 0.325781 0.798302 0.078125 0.105972
2 0.259961 0.775468 0.092578 0.108314
2 0.373633 0.749122 0.063672 0.079040
2 0.358203 0.479508 0.028906 0.032787
2 0.433984 0.492681 0.021094 0.039227
2 0.784766 0.572307 0.029687 0.025176
2 0.731250 0.537178 0.019531 0.036885
2 0.904102 0.679742 0.055859 0.070258
2 0.882617 0.464286 0.044922 0.045667
2 0.795703 0.461358 0.029687 0.028103
2 0.834180 0.461358 0.024609 0.030445
2 0.949023 0.478337 0.025391 0.028103
2 0.616211 0.427400 0.026953 0.028103
2 0.589844 0.418911 0.028906 0.026347
2 0.427734 0.388466 0.023438 0.026347
2 0.391602 0.478044 0.021484 0.033372
2 0.652734 0.427693 0.021875 0.024005
