3 0.504082 0.613333 0.357823 0.664762
3 0.151020 0.414286 0.285714 0.302857
2 0.122449 0.746190 0.242177 0.385714
2 0.872789 0.645238 0.254422 0.242857
2 0.931973 0.888095 0.136054 0.223810
2 0.814286 0.492381 0.257143 0.135238
2 0.936735 0.439524 0.126531 0.107619
2 0.721088 0.388571 0.144218 0.102857
2 0.695238 0.321905 0.111565 0.085714
2 0.885034 0.356667 0.156463 0.079048
2 0.812925 0.280476 0.137415 0.101905
2 0.512245 0.268095 0.118367 0.060000
2 0.659184 0.267143 0.088435 0.065714
2 0.499320 0.219048 0.078912 0.068571
3 0.366667 0.188095 0.104762 0.107619
2 0.631973 0.214286 0.091156 0.070476
2 0.734014 0.213810 0.082993 0.058095
2 0.935374 0.130000 0.055782 0.025714
2 0.761905 0.098095 0.038095 0.020952
2 0.849660 0.104762 0.069388 0.026667
2 0.493878 0.170000 0.076190 0.046667
