3 0.206154 0.544410 0.303077 0.522466
3 0.743462 0.394462 0.214615 0.391850
3 0.466538 0.436259 0.163846 0.373041
3 0.071154 0.423720 0.080769 0.408568
3 0.404231 0.114420 0.120769 0.170324
3 0.195769 0.072623 0.074615 0.128527
3 0.879231 0.308255 0.087692 0.336468
3 0.596538 0.299373 0.110000 0.258098
2 0.354615 0.814525 0.204615 0.199582
2 0.556154 0.729885 0.196923 0.224660
2 0.626923 0.609195 0.153846 0.192268
2 0.870385 0.823406 0.196154 0.192268
2 0.928846 0.722048 0.142308 0.213166
2 0.264615 0.100836 0.073846 0.099269
2 0.946538 0.226228 0.068462 0.074190
2 0.986154 0.357889 0.027692 0.124347
2 0.861154 0.110240 0.056154 0.053292
2 0.977692 0.143156 0.044615 0.052247
