3 0.225459 0.580377 0.117060 0.307095
3 0.615486 0.512749 0.126509 0.225055
3 0.834646 0.493902 0.090289 0.151885
3 0.329396 0.303769 0.041470 0.113082
3 0.255118 0.253880 0.032546 0.079823
2 0.172178 0.379712 0.032546 0.049889
2 0.571129 0.633038 0.079790 0.113082
2 0.679003 0.729490 0.090814 0.119734
2 0.475591 0.357539 0.023097 0.029933
2 0.043570 0.330377 0.030446 0.046563
2 0.200262 0.331486 0.037270 0.035477
2 0.134646 0.311530 0.027822 0.044346
2 0.173753 0.307650 0.022047 0.041020
2 0.098950 0.265521 0.014173 0.027716
2 0.286089 0.339800 0.031496 0.029933
2 0.400000 0.311530 0.019948 0.037694
2 0.369816 0.286585 0.021522 0.041020
3 0.524672 0.457317 0.072966 0.107539
