3 0.380769 0.660788 0.264615 0.421162
3 0.685385 0.630187 0.249231 0.430498
3 0.174231 0.632261 0.153077 0.374481
3 0.792692 0.369813 0.103846 0.225104
3 0.904615 0.432573 0.138462 0.261411
3 0.043077 0.290456 0.084615 0.155602
3 0.300769 0.241701 0.078462 0.122407
3 0.205385 0.250000 0.064615 0.118257
3 0.751538 0.225104 0.096923 0.107884
2 0.036538 0.475104 0.071538 0.097510
2 0.044231 0.559129 0.086923 0.093361
2 0.867692 0.610477 0.095385 0.121369
2 0.886154 0.539938 0.118462 0.187759
2 0.642308 0.289938 0.049231 0.030083
2 0.208462 0.385373 0.086154 0.079876
2 0.121154 0.429461 0.074615 0.060166
2 0.508462 0.848548 0.149231 0.109959
2 0.031538 0.403008 0.061538 0.081950
2 0.094231 0.384336 0.073077 0.071577
