3 0.649615 0.467573 0.174615 0.384937
3 0.843077 0.235879 0.133846 0.226987
3 0.682308 0.206590 0.112308 0.141213
3 0.563846 0.206067 0.112308 0.171548
2 0.656538 0.831067 0.174615 0.160042
2 0.363462 0.795502 0.134615 0.187238
2 0.480385 0.770921 0.131538 0.142259
2 0.564231 0.662134 0.126923 0.142259
2 0.348077 0.644351 0.131538 0.133891
2 0.188077 0.756799 0.136154 0.130753
2 0.091154 0.653243 0.108462 0.116109
2 0.208846 0.543410 0.108462 0.147490
2 0.130000 0.596757 0.135385 0.139121
2 0.276538 0.520397 0.074615 0.111925
2 0.310385 0.484310 0.085385 0.096234
2 0.748077 0.777197 0.139231 0.211297
2 0.847308 0.727510 0.145385 0.149582
2 0.832308 0.627615 0.124615 0.106695
2 0.897308 0.584728 0.137692 0.167364
2 0.945000 0.520921 0.110000 0.127615
2 0.863846 0.343096 0.103077 0.071130
2 0.476923 0.536088 0.052308 0.116109
2 0.441154 0.571653 0.083846 0.126569
2 0.506154 0.494770 0.096923 0.117155
2 0.032308 0.436192 0.063077 0.085774
2 0.075000 0.383891 0.091538 0.092050
2 0.381154 0.422594 0.079231 0.112971
