1 0.225382 0.608000 0.140068 0.242667
3 0.379881 0.414000 0.080645 0.169333
3 0.068442 0.842667 0.136460 0.314667
3 0.534380 0.269333 0.046689 0.090667
2 0.779287 0.905333 0.156197 0.157333
2 0.495756 0.925333 0.166384 0.149333
2 0.256367 0.940000 0.140917 0.120000
2 0.323005 0.834667 0.140068 0.157333
2 0.372666 0.758000 0.105263 0.137333
2 0.426995 0.594000 0.084890 0.142667
2 0.336587 0.524000 0.075552 0.114667
2 0.550934 0.734667 0.130730 0.197333
2 0.747878 0.740000 0.115450 0.136000
2 0.733022 0.618667 0.097623 0.109333
2 0.738964 0.535333 0.089134 0.073333
2 0.718166 0.465333 0.084890 0.090667
2 0.592530 0.540667 0.084890 0.113333
2 0.459677 0.553333 0.063667 0.109333
2 0.503820 0.465333 0.073854 0.104000
2 0.711375 0.382667 0.047538 0.082667
2 0.445246 0.302667 0.039898 0.050667
2 0.444397 0.384000 0.048387 0.066667
2 0.496604 0.344667 0.047538 0.065333
2 0.578947 0.332667 0.037351 0.036000
2 0.648132 0.349333 0.044992 0.056000
2 0.616723 0.430667 0.068761 0.082667
2 0.741935 0.280667 0.042445 0.057333
2 0.666384 0.294000 0.035654 0.049333
2 0.612903 0.285333 0.042445 0.037333
