3 0.269097 0.665432 0.153472 0.318519
3 0.433681 0.547531 0.120139 0.183951
3 0.714583 0.530247 0.152778 0.169136
3 0.529514 0.426543 0.042361 0.075309
3 0.587847 0.448765 0.045139 0.070370
2 0.563889 0.618519 0.069444 0.088889
2 0.739931 0.763580 0.128472 0.156790
2 0.332986 0.485802 0.032639 0.055556
2 0.359028 0.470988 0.031944 0.053086
2 0.561111 0.526543 0.044444 0.065432
2 0.861111 0.562963 0.063889 0.071605
2 0.257639 0.417284 0.020833 0.041975
2 0.305556 0.439506 0.019444 0.024691
2 0.283333 0.417901 0.018056 0.028395
