3 0.367969 0.690625 0.186979 0.437500
3 0.565625 0.686328 0.150000 0.408594
3 0.505469 0.414844 0.069271 0.142187
3 0.908333 0.389453 0.084375 0.125781
3 0.857812 0.356641 0.047917 0.116406
3 0.546615 0.358984 0.045312 0.097656
3 0.687760 0.253516 0.023438 0.038281
2 0.699740 0.651563 0.078646 0.121875
2 0.666927 0.502344 0.055729 0.096875
2 0.600260 0.408203 0.045312 0.072656
2 0.959635 0.575781 0.080729 0.109375
2 0.778646 0.351562 0.041667 0.050000
2 0.649479 0.383594 0.032292 0.037500
2 0.632031 0.344531 0.030729 0.035937
2 0.608854 0.307812 0.031250 0.028125
2 0.586979 0.469531 0.039583 0.045312
