3 0.331533 0.646043 0.172374 0.495264
3 0.439495 0.428964 0.119016 0.318362
3 0.498088 0.300336 0.089262 0.208983
3 0.254072 0.466850 0.087600 0.271922
3 0.555020 0.203941 0.054189 0.161014
3 0.618019 0.142071 0.034907 0.081882
3 0.369182 0.310113 0.056848 0.144821
3 0.840675 0.096242 0.035738 0.086771
2 0.570811 0.607547 0.101396 0.138405
2 0.577377 0.466850 0.074302 0.124045
2 0.611951 0.354262 0.062999 0.110907
2 0.911154 0.316529 0.056017 0.076994
2 0.863032 0.280324 0.052527 0.082188
2 0.981799 0.291476 0.036403 0.065995
2 0.950050 0.262603 0.037733 0.069355
2 0.900598 0.213566 0.043883 0.051329
2 0.830203 0.192637 0.039395 0.038802
2 0.774601 0.186984 0.038564 0.043385
2 0.768118 0.151696 0.028923 0.033914
2 0.807846 0.146043 0.026263 0.025665
2 0.660489 0.156431 0.020113 0.027498
2 0.616689 0.252979 0.044548 0.062939
2 0.623338 0.205469 0.047207 0.044913
