1 0.911702 0.665406 0.176596 0.355388
2 0.821809 0.166352 0.043617 0.056711
2 0.792553 0.084121 0.021277 0.028355
3 0.132447 0.739130 0.262766 0.521739
3 0.317553 0.601134 0.101064 0.487713
3 0.406915 0.473535 0.081915 0.413989
3 0.491489 0.288280 0.070213 0.221172
2 0.490426 0.900756 0.131915 0.149338
2 0.515957 0.563327 0.080851 0.136106
2 0.494681 0.697543 0.121277 0.151229
2 0.593085 0.544423 0.079787 0.124764
2 0.579255 0.465028 0.079787 0.060491
2 0.595745 0.413989 0.082979 0.105860
2 0.596277 0.313800 0.052128 0.068053
2 0.334574 0.154064 0.047872 0.062382
2 0.653191 0.243856 0.036170 0.060491
