3 0.108667 0.702089 0.216000 0.486830
3 0.240333 0.524523 0.175333 0.433243
3 0.383000 0.318347 0.067333 0.258856
3 0.427667 0.264759 0.056667 0.215259
3 0.482333 0.154405 0.072667 0.108992
2 0.378333 0.819709 0.159333 0.195277
2 0.452000 0.737965 0.128000 0.162579
2 0.452000 0.603542 0.121333 0.148047
2 0.702667 0.704814 0.133333 0.154405
2 0.735000 0.823797 0.174000 0.158038
2 0.690000 0.560400 0.130667 0.138056
2 0.685667 0.649864 0.127333 0.115350
2 0.497000 0.495005 0.122000 0.127157
2 0.506000 0.400545 0.093333 0.094460
2 0.637333 0.387375 0.072000 0.068120
2 0.649667 0.489101 0.088667 0.140781
2 0.540667 0.324251 0.064000 0.072661
2 0.668000 0.343778 0.078667 0.080836
2 0.642667 0.293824 0.061333 0.068120
2 0.572000 0.240690 0.060000 0.079927
