3 0.597575 0.550000 0.359122 0.307194
3 0.177829 0.755755 0.346420 0.393525
3 0.260393 0.476259 0.220554 0.227338
3 0.281755 0.358633 0.205543 0.184892
3 0.330831 0.294604 0.178984 0.151799
3 0.769630 0.360432 0.225173 0.171223
3 0.504042 0.321942 0.178984 0.158993
3 0.484988 0.194245 0.124711 0.109353
3 0.347575 0.173741 0.122402 0.098561
3 0.551963 0.106115 0.099307 0.053957
2 0.884527 0.564388 0.175520 0.072662
2 0.928406 0.630576 0.143187 0.094245
2 0.594688 0.729856 0.217090 0.118705
2 0.628176 0.268345 0.101617 0.044604
2 0.817552 0.152158 0.069284 0.032374
2 0.717667 0.124820 0.081986 0.029496
