3 0.151154 0.394351 0.300769 0.451883
1 0.675000 0.475418 0.183846 0.176778
2 0.321923 0.663703 0.168462 0.153766
2 0.372692 0.766213 0.200769 0.208159
2 0.513846 0.839435 0.187692 0.166318
2 0.638462 0.657427 0.207692 0.199791
2 0.495000 0.587343 0.139231 0.189331
2 0.428077 0.497908 0.153077 0.182008
2 0.365000 0.423640 0.090000 0.125523
2 0.785769 0.549163 0.146923 0.146444
2 0.783846 0.752615 0.201538 0.172594
2 0.888077 0.598326 0.168462 0.205021
2 0.843462 0.393828 0.173077 0.143305
2 0.924615 0.453975 0.150769 0.104603
2 0.488846 0.359310 0.093077 0.093096
2 0.569231 0.254707 0.098462 0.105649
2 0.402692 0.277197 0.088462 0.100418
2 0.850000 0.805439 0.200000 0.142259
