4 0.954167 0.307870 0.019792 0.030556
2 0.951042 0.375000 0.019792 0.027778
3 0.815365 0.535185 0.046354 0.031481
2 0.919271 0.498611 0.036458 0.034259
9 0.698177 0.601852 0.058854 0.035185
1 0.660677 0.563426 0.055729 0.032407
5 0.486979 0.561574 0.059375 0.045370
8 0.392188 0.539352 0.055208 0.047222
5 0.292969 0.426852 0.035937 0.042593
9 0.249479 0.365741 0.026042 0.040741
6 0.204948 0.265741 0.019271 0.033333
6 0.203646 0.116204 0.013542 0.015741
7 0.203906 0.326852 0.021354 0.035185
7 0.195052 0.202778 0.011979 0.027778
