6 0.548698 0.638889 0.067187 0.025926
6 0.683854 0.530093 0.023958 0.026852
3 0.491406 0.624537 0.058854 0.025000
3 0.272917 0.412500 0.012500 0.010185
5 0.366927 0.602315 0.044271 0.023148
1 0.421354 0.594444 0.048958 0.024074
1 0.318490 0.583796 0.038021 0.026852
7 0.670573 0.606944 0.044271 0.037963
8 0.716927 0.598148 0.038021 0.037037
9 0.735417 0.549074 0.022917 0.031481
9 0.705208 0.554630 0.021875 0.027778
2 0.651563 0.500000 0.020833 0.025926
8 0.614062 0.450926 0.016667 0.016667
4 0.245312 0.471296 0.012500 0.014815
4 0.235677 0.508333 0.019271 0.020370
2 0.269271 0.532870 0.022917 0.021296
0 0.242708 0.450000 0.015625 0.012963
0 0.323958 0.371759 0.009375 0.010185
