0 0.440365 0.646296 0.098437 0.127778
0 0.563281 0.537037 0.083854 0.101852
0 0.677604 0.430556 0.063542 0.079630
0 0.692969 0.287037 0.046354 0.057407
0 0.643750 0.371759 0.060417 0.076852
0 0.772135 0.181481 0.033854 0.038889
0 0.754427 0.317593 0.050521 0.061111
0 0.816146 0.171759 0.037500 0.041667
0 0.758333 0.149074 0.029167 0.038889
0 0.851562 0.124537 0.032292 0.037963
0 0.906250 0.040741 0.026042 0.029630
0 0.872917 0.057407 0.022917 0.029630
0 0.836198 0.055556 0.025521 0.035185
0 0.870573 0.015278 0.021354 0.026852
0 0.823698 0.032407 0.023438 0.029630
