0 0.363802 0.595833 0.036979 0.032407
0 0.323698 0.536574 0.019271 0.030556
0 0.334375 0.505093 0.023958 0.032407
0 0.364844 0.480556 0.024479 0.027778
0 0.456771 0.444444 0.031250 0.024074
0 0.482552 0.435185 0.024479 0.022222
0 0.399479 0.465741 0.028125 0.024074
0 0.506250 0.437963 0.029167 0.022222
0 0.627604 0.396759 0.026042 0.021296
0 0.772135 0.351852 0.018229 0.020370
0 0.719531 0.372222 0.022396 0.020370
0 0.772917 0.341667 0.016667 0.016667
0 0.685937 0.385648 0.023958 0.021296
0 0.670312 0.378704 0.022917 0.018519
0 0.800000 0.334722 0.015625 0.013889
0 0.795052 0.343981 0.019271 0.013889
