0 0.160156 0.600926 0.076563 0.050000
0 0.328125 0.662500 0.085417 0.043519
0 0.243750 0.633796 0.077083 0.052778
0 0.469531 0.636574 0.088021 0.045370
0 0.444010 0.675463 0.096354 0.039815
0 0.351823 0.630093 0.084896 0.045370
0 0.563281 0.668519 0.092188 0.059259
0 0.586719 0.614815 0.077604 0.057407
0 0.679688 0.651852 0.079167 0.050000
0 0.835938 0.536574 0.031250 0.065741
0 0.696615 0.497222 0.024479 0.050000
0 0.755208 0.541204 0.032292 0.056481
0 0.676562 0.533796 0.027083 0.054630
0 0.781250 0.493981 0.028125 0.056481
0 0.680469 0.567130 0.049479 0.045370
0 0.725260 0.466204 0.029687 0.050926
0 0.832812 0.474074 0.028125 0.050000
0 0.834896 0.422222 0.026042 0.044444
0 0.758854 0.592130 0.064583 0.062037
