0 0.489844 0.502315 0.080729 0.054630
0 0.665885 0.434259 0.066146 0.048148
0 0.696875 0.407407 0.047917 0.038889
0 0.741406 0.361111 0.041146 0.033333
0 0.750781 0.391667 0.054688 0.046296
0 0.671615 0.325926 0.064062 0.044444
0 0.783073 0.370370 0.042188 0.046296
0 0.744271 0.335185 0.051042 0.035185
0 0.530729 0.315278 0.073958 0.041667
0 0.540625 0.292130 0.078125 0.045370
0 0.410677 0.291204 0.082812 0.036111
0 0.269010 0.279167 0.075521 0.037963
0 0.168490 0.293056 0.086979 0.037963
0 0.320312 0.299537 0.085417 0.030556
