6 0.442969 0.734722 0.013021 0.041667
6 0.453906 0.911574 0.014063 0.049074
7 0.477344 0.702315 0.015104 0.037963
7 0.470313 0.788426 0.013542 0.043519
5 0.485677 0.621296 0.014063 0.035185
5 0.430990 0.509259 0.011979 0.033333
1 0.482031 0.532870 0.010937 0.032407
1 0.417448 0.285185 0.021354 0.025926
0 0.385417 0.238889 0.025000 0.025926
0 0.427865 0.270370 0.022396 0.024074
4 0.464844 0.324074 0.020313 0.025926
4 0.451302 0.391667 0.013021 0.031481
3 0.433594 0.319907 0.013021 0.030556
2 0.487500 0.381019 0.014583 0.030556
2 0.465104 0.395833 0.014583 0.034259
3 0.470833 0.475000 0.012500 0.033333
9 0.490365 0.468981 0.013021 0.036111
9 0.446094 0.641667 0.015104 0.037037
8 0.490365 0.793981 0.014063 0.045370
8 0.448437 0.525463 0.012500 0.032407
