0 0.415365 0.639815 0.076563 0.079630
0 0.484375 0.599537 0.070833 0.078704
4 0.539583 0.559722 0.060417 0.065741
4 0.621354 0.476389 0.059375 0.056481
1 0.596354 0.524537 0.072917 0.063889
1 0.629687 0.410185 0.058333 0.055556
3 0.719792 0.507407 0.062500 0.068519
2 0.694531 0.411574 0.057813 0.062037
2 0.617969 0.382870 0.055729 0.043519
6 0.807292 0.367130 0.052083 0.054630
6 0.736458 0.220370 0.041667 0.040741
9 0.672917 0.308796 0.046875 0.049074
5 0.624219 0.256019 0.047396 0.047222
8 0.808333 0.213426 0.041667 0.043519
5 0.691146 0.247222 0.042708 0.044444
7 0.730990 0.300926 0.043229 0.055556
7 0.777604 0.295370 0.044792 0.048148
