0 0.695052 0.831019 0.060937 0.084259
4 0.672396 0.660648 0.045833 0.056481
4 0.418229 0.502778 0.044792 0.038889
1 0.470833 0.521759 0.054167 0.036111
1 0.590104 0.584722 0.055208 0.049074
2 0.331510 0.448611 0.030729 0.028704
2 0.322135 0.417593 0.020313 0.027778
5 0.335156 0.387500 0.022396 0.026852
9 0.360417 0.357870 0.023958 0.021296
9 0.402083 0.333796 0.021875 0.019444
0 0.380208 0.345833 0.021875 0.019444
7 0.422396 0.320370 0.021875 0.018519
6 0.529948 0.253241 0.016146 0.015741
6 0.491927 0.269444 0.016146 0.014815
5 0.463802 0.290278 0.018229 0.015741
3 0.447656 0.301852 0.021354 0.018519
8 0.478906 0.296759 0.018229 0.019444
8 0.551823 0.238889 0.015104 0.014815
7 0.503385 0.272685 0.016146 0.017593
