4 0.466406 0.527315 0.043229 0.043519
4 0.658594 0.740278 0.040104 0.058333
0 0.777604 0.965741 0.043750 0.068519
0 0.233073 0.439815 0.047396 0.033333
1 0.527083 0.580093 0.041667 0.047222
1 0.604167 0.665278 0.042708 0.052778
2 0.377344 0.471759 0.045312 0.034259
2 0.401042 0.505556 0.043750 0.042593
5 0.311458 0.466204 0.048958 0.037963
5 0.067708 0.353704 0.031250 0.033333
9 0.293750 0.437037 0.051042 0.025926
9 0.230990 0.418519 0.048438 0.031481
7 0.153906 0.405556 0.044271 0.033333
7 0.082812 0.339815 0.031250 0.035185
6 0.033854 0.352315 0.032292 0.036111
6 0.030990 0.301389 0.024479 0.032407
8 0.012240 0.269907 0.020313 0.036111
8 0.099219 0.380556 0.040104 0.033333
3 0.166406 0.393519 0.042188 0.033333
