8 0.310156 0.158333 0.020313 0.035185
8 0.282292 0.346759 0.026042 0.036111
7 0.321354 0.367593 0.027083 0.042593
6 0.249740 0.280093 0.027604 0.039815
6 0.325521 0.251852 0.022917 0.038889
7 0.324219 0.311111 0.025521 0.037037
9 0.436719 0.541204 0.036979 0.049074
9 0.469792 0.635648 0.038542 0.052778
2 0.491406 0.703704 0.041146 0.055556
2 0.459115 0.737963 0.038021 0.059259
4 0.522656 0.758333 0.039062 0.053704
4 0.531510 0.878241 0.043229 0.062037
1 0.558073 0.823611 0.045312 0.060185
1 0.482812 0.840278 0.041667 0.065741
0 0.597135 0.936111 0.048438 0.070370
5 0.292708 0.314815 0.027083 0.037037
5 0.389323 0.599074 0.035937 0.051852
0 0.387240 0.537500 0.033854 0.052778
3 0.350260 0.345833 0.026562 0.041667
