0 0.436719 0.627315 0.085938 0.037963
4 0.614583 0.620370 0.082292 0.038889
1 0.729427 0.595370 0.057813 0.044444
0 0.786719 0.578704 0.030729 0.038889
4 0.698958 0.464352 0.027083 0.026852
1 0.790625 0.539815 0.030208 0.035185
3 0.755729 0.512500 0.037500 0.039815
2 0.727344 0.483796 0.035937 0.034259
9 0.665104 0.435185 0.034375 0.027778
3 0.634896 0.406481 0.026042 0.029630
5 0.598958 0.384722 0.022917 0.025000
7 0.559896 0.349074 0.019792 0.018519
5 0.526563 0.319444 0.014583 0.018519
9 0.510417 0.309259 0.014583 0.020370
8 0.491667 0.292130 0.016667 0.013889
8 0.472656 0.275000 0.014063 0.012963
7 0.453385 0.255093 0.010937 0.015741
