6 0.629948 0.733796 0.030729 0.056481
6 0.563542 0.636111 0.036458 0.051852
8 0.605469 0.590278 0.034896 0.054630
8 0.491146 0.523148 0.037500 0.044444
5 0.458333 0.530556 0.038542 0.042593
5 0.527083 0.519444 0.038542 0.046296
9 0.522135 0.582407 0.039062 0.046296
9 0.364583 0.480093 0.042708 0.034259
7 0.594531 0.630093 0.033854 0.050926
7 0.570052 0.584259 0.034896 0.050000
1 0.460417 0.462037 0.042708 0.040741
1 0.170833 0.278704 0.020833 0.048148
4 0.224479 0.356019 0.031250 0.043519
4 0.230469 0.440741 0.035937 0.048148
2 0.311719 0.475463 0.043229 0.036111
2 0.268750 0.421296 0.037500 0.046296
0 0.208854 0.168056 0.016667 0.050926
0 0.194010 0.262037 0.021354 0.050000
3 0.197135 0.365278 0.025521 0.047222
3 0.368490 0.522685 0.045312 0.034259
