0 0.322917 0.712037 0.127083 0.092593
4 0.705729 0.502778 0.068750 0.064815
4 0.752604 0.361574 0.033333 0.043519
1 0.750521 0.437963 0.044792 0.051852
1 0.640365 0.285185 0.047396 0.042593
3 0.758594 0.396759 0.033854 0.037963
2 0.716927 0.330093 0.044271 0.045370
2 0.576042 0.262963 0.052083 0.042593
5 0.503385 0.241667 0.050521 0.037037
6 0.443490 0.219444 0.047396 0.037037
9 0.340365 0.189815 0.040104 0.027778
7 0.382552 0.193056 0.038021 0.032407
6 0.385677 0.056481 0.028646 0.027778
7 0.323437 0.160648 0.033333 0.025000
5 0.323437 0.073611 0.027083 0.028704
8 0.351042 0.084722 0.028125 0.030556
3 0.323437 0.114352 0.023958 0.025000
8 0.235417 0.124074 0.059375 0.031481
