4 0.452865 0.717593 0.052604 0.068519
4 0.370312 0.456944 0.031250 0.049074
0 0.388281 0.666667 0.046354 0.062963
0 0.385677 0.549074 0.033854 0.050000
2 0.429427 0.588889 0.034896 0.053704
2 0.416927 0.338889 0.022396 0.035185
1 0.420052 0.446296 0.028646 0.042593
1 0.365885 0.200926 0.017188 0.022222
5 0.362500 0.374537 0.026042 0.034259
5 0.383854 0.182407 0.017708 0.020370
6 0.362240 0.299074 0.023438 0.031481
6 0.367969 0.106944 0.014063 0.017593
3 0.403125 0.387500 0.026042 0.036111
9 0.384375 0.212500 0.018750 0.025000
8 0.358333 0.161111 0.017708 0.020370
7 0.360938 0.127315 0.017708 0.017593
