0 0.436719 0.627315 0.085938 0.037963
0 0.614583 0.620370 0.082292 0.038889
0 0.729427 0.595370 0.057813 0.044444
0 0.786719 0.578704 0.030729 0.038889
0 0.698958 0.464352 0.027083 0.026852
0 0.790625 0.539815 0.030208 0.035185
0 0.755729 0.512500 0.037500 0.039815
0 0.727344 0.483796 0.035937 0.034259
0 0.665104 0.435185 0.034375 0.027778
0 0.634896 0.406481 0.026042 0.029630
0 0.598958 0.384722 0.022917 0.025000
0 0.559896 0.349074 0.019792 0.018519
0 0.526563 0.319444 0.014583 0.018519
0 0.510417 0.309259 0.014583 0.020370
0 0.491667 0.292130 0.016667 0.013889
0 0.472656 0.275000 0.014063 0.012963
0 0.453385 0.255093 0.010937 0.015741
