0 0.621875 0.639352 0.142708 0.125000
0 0.480208 0.593519 0.130208 0.122222
0 0.369792 0.548611 0.096875 0.102778
0 0.564063 0.475463 0.069792 0.091667
0 0.672656 0.562963 0.125521 0.109259
0 0.417708 0.488426 0.102083 0.073148
0 0.779427 0.551389 0.090104 0.108333
0 0.527344 0.385648 0.098437 0.082407
0 0.320312 0.416667 0.104167 0.083333
0 0.261719 0.385185 0.083854 0.081481
0 0.575000 0.312500 0.079167 0.071296
0 0.398177 0.342130 0.075521 0.071296
0 0.755729 0.423611 0.097917 0.082407
0 0.445312 0.327315 0.071875 0.062037
0 0.429167 0.401852 0.091667 0.087037
0 0.649479 0.404630 0.101042 0.075926
0 0.722135 0.359722 0.067187 0.047222
0 0.788021 0.393981 0.061458 0.065741
