0 0.406510 0.648611 0.103646 0.058333
0 0.527083 0.610648 0.085417 0.058333
0 0.633854 0.557407 0.069792 0.061111
0 0.735677 0.539815 0.060937 0.051852
0 0.809115 0.491204 0.052604 0.054630
0 0.686719 0.516667 0.054688 0.053704
0 0.609375 0.619907 0.095833 0.058333
0 0.775000 0.427315 0.041667 0.049074
0 0.787240 0.254630 0.026562 0.038889
0 0.704948 0.405093 0.042188 0.049074
0 0.737760 0.273611 0.028646 0.043519
0 0.731771 0.351852 0.032292 0.040741
0 0.700000 0.322685 0.038542 0.037963
0 0.832552 0.393981 0.043229 0.054630
0 0.796875 0.213426 0.037500 0.037963
0 0.813802 0.285185 0.033854 0.044444
0 0.820312 0.322685 0.039583 0.043519
0 0.707552 0.448148 0.044271 0.046296
0 0.705208 0.239815 0.027083 0.035185
