0 0.954167 0.307870 0.019792 0.030556
0 0.951042 0.375000 0.019792 0.027778
0 0.815365 0.535185 0.046354 0.031481
0 0.919271 0.498611 0.036458 0.034259
0 0.698177 0.601852 0.058854 0.035185
0 0.660677 0.563426 0.055729 0.032407
0 0.486979 0.561574 0.059375 0.045370
0 0.392188 0.539352 0.055208 0.047222
0 0.292969 0.426852 0.035937 0.042593
0 0.249479 0.365741 0.026042 0.040741
0 0.204948 0.265741 0.019271 0.033333
0 0.203646 0.116204 0.013542 0.015741
0 0.203906 0.326852 0.021354 0.035185
0 0.195052 0.202778 0.011979 0.027778
