0 0.198437 0.754630 0.101042 0.072222
0 0.545573 0.608333 0.064062 0.051852
0 0.652083 0.520833 0.041667 0.041667
0 0.646094 0.420833 0.029687 0.032407
0 0.674740 0.485185 0.024479 0.035185
0 0.606250 0.401389 0.034375 0.032407
0 0.665104 0.450926 0.020833 0.033333
0 0.609375 0.386574 0.035417 0.030556
0 0.425260 0.334259 0.031771 0.022222
0 0.354167 0.256481 0.014583 0.024074
0 0.369531 0.304167 0.018229 0.021296
0 0.505990 0.358796 0.036979 0.026852
0 0.394792 0.237963 0.016667 0.016667
0 0.366406 0.267130 0.015104 0.019444
0 0.389323 0.316667 0.024479 0.018519
0 0.350000 0.279630 0.015625 0.020370
