0 0.067448 0.422222 0.043229 0.048148
0 0.380469 0.593056 0.102604 0.065741
0 0.212500 0.539352 0.081250 0.073148
0 0.497135 0.627315 0.110937 0.054630
0 0.613542 0.577315 0.101042 0.056481
0 0.713021 0.551852 0.076042 0.053704
0 0.673438 0.620833 0.098958 0.050926
0 0.906771 0.418519 0.033333 0.068519
0 0.832031 0.432870 0.035937 0.060185
0 0.838542 0.490278 0.057292 0.069444
0 0.848958 0.372222 0.037500 0.061111
0 0.880208 0.228704 0.019792 0.046296
0 0.900260 0.273148 0.022396 0.042593
0 0.911719 0.329630 0.021354 0.057407
0 0.905469 0.189815 0.014063 0.033333
