0 0.267188 0.639352 0.076042 0.037963
0 0.385417 0.650000 0.081250 0.038889
0 0.568229 0.643056 0.075000 0.039815
0 0.668229 0.585648 0.023958 0.041667
0 0.682031 0.542593 0.027604 0.035185
0 0.666146 0.630093 0.057292 0.043519
0 0.714063 0.581481 0.028125 0.048148
0 0.646875 0.498611 0.033333 0.034259
0 0.615365 0.499537 0.026562 0.032407
0 0.529687 0.425000 0.020833 0.024074
0 0.547656 0.415741 0.018229 0.020370
0 0.497135 0.374537 0.015104 0.017593
0 0.467708 0.368981 0.015625 0.021296
0 0.450260 0.343981 0.010937 0.013889
0 0.424479 0.339815 0.012500 0.016667
