0 0.450781 0.094444 0.013021 0.025926
0 0.474479 0.135648 0.013542 0.026852
0 0.447396 0.131019 0.012500 0.028704
0 0.454167 0.613426 0.015625 0.036111
0 0.488542 0.232870 0.010417 0.032407
0 0.443750 0.373611 0.010417 0.030556
0 0.453906 0.201389 0.015104 0.030556
0 0.451302 0.471759 0.014063 0.036111
0 0.476302 0.384259 0.010937 0.035185
0 0.455469 0.397685 0.013021 0.039815
0 0.471094 0.529630 0.015104 0.038889
0 0.453906 0.835648 0.016146 0.049074
0 0.412500 0.904167 0.017708 0.052778
0 0.412500 0.693981 0.015625 0.049074
0 0.434635 0.659259 0.016146 0.040741
0 0.433854 0.593981 0.014583 0.039815
0 0.458333 0.925926 0.013542 0.048148
0 0.425000 0.980556 0.015625 0.035185
